130 0 947 0 2.0837345 ASHRIVAS
130 0 948 1 1.804079 ASHRIVAS
130 0 1307 2 1.7797059 ASHRIVAS
130 0 1092 3 1.6032076 ASHRIVAS
130 0 546 4 1.3541329 ASHRIVAS
130 0 634 5 1.3521467 ASHRIVAS
130 0 58 6 1.3412142 ASHRIVAS
130 0 812 7 1.3369374 ASHRIVAS
130 0 564 8 1.3155409 ASHRIVAS
130 0 859 9 1.2865108 ASHRIVAS
130 0 1306 10 0.886131 ASHRIVAS
130 0 1174 11 0.8782801 ASHRIVAS
130 0 631 12 0.87437767 ASHRIVAS
130 0 900 13 0.87340444 ASHRIVAS
130 0 657 14 0.8656525 ASHRIVAS
130 0 354 15 0.8617989 ASHRIVAS
130 0 942 16 0.8617989 ASHRIVAS
130 0 69 17 0.8579601 ASHRIVAS
130 0 139 18 0.8579601 ASHRIVAS
130 0 1284 19 0.8579601 ASHRIVAS
130 0 371 20 0.85413605 ASHRIVAS
130 0 388 21 0.85413605 ASHRIVAS
130 0 876 22 0.85413605 ASHRIVAS
130 0 985 23 0.85413605 ASHRIVAS
130 0 1326 24 0.85413605 ASHRIVAS
130 0 518 25 0.8427507 ASHRIVAS
130 0 125 26 0.8352319 ASHRIVAS
130 0 520 27 0.8352319 ASHRIVAS
130 0 595 28 0.8352319 ASHRIVAS
130 0 601 29 0.8352319 ASHRIVAS
130 0 638 30 0.83149356 ASHRIVAS
130 0 686 31 0.83149356 ASHRIVAS
130 0 427 32 0.82776916 ASHRIVAS
130 0 1213 33 0.82776916 ASHRIVAS
130 0 304 34 0.82036173 ASHRIVAS
130 0 620 35 0.82036173 ASHRIVAS
130 0 1195 36 0.82036173 ASHRIVAS
130 0 83 37 0.8130087 ASHRIVAS
130 0 1229 38 0.8130087 ASHRIVAS
130 0 373 39 0.8057094 ASHRIVAS
130 0 572 40 0.78412586 ASHRIVAS
130 0 142 41 0.35284835 ASHRIVAS
130 0 160 42 0.35234922 ASHRIVAS
130 0 468 43 0.35234922 ASHRIVAS
130 0 10 44 0.35135174 ASHRIVAS
130 0 172 45 0.35135174 ASHRIVAS
130 0 741 46 0.35135174 ASHRIVAS
130 0 737 47 0.3503552 ASHRIVAS
182 0 634 0 3.5630293 ASHRIVAS
225 0 9 0 1.6226214 ASHRIVAS
225 0 1188 1 1.4391152 ASHRIVAS
225 0 1000 2 1.4100614 ASHRIVAS
225 0 999 3 1.3930976 ASHRIVAS
225 0 314 4 1.1760693 ASHRIVAS
225 0 675 5 1.1518856 ASHRIVAS
225 0 569 6 1.1091636 ASHRIVAS
225 0 1356 7 1.1018107 ASHRIVAS
225 0 777 8 0.87909204 ASHRIVAS
225 0 1156 9 0.8639402 ASHRIVAS
225 0 372 10 0.84161234 ASHRIVAS
225 0 1106 11 0.8295547 ASHRIVAS
225 0 431 12 0.8199359 ASHRIVAS
225 0 58 13 0.8171329 ASHRIVAS
225 0 49 14 0.80908185 ASHRIVAS
225 0 1344 15 0.8043456 ASHRIVAS
225 0 1218 16 0.7851001 ASHRIVAS
225 0 996 17 0.7841066 ASHRIVAS
225 0 423 18 0.77829796 ASHRIVAS
225 0 340 19 0.5467405 ASHRIVAS
225 0 1399 20 0.5408754 ASHRIVAS
225 0 113 21 0.53310835 ASHRIVAS
225 0 347 22 0.52924734 ASHRIVAS
225 0 1080 23 0.52924734 ASHRIVAS
225 0 27 24 0.5273224 ASHRIVAS
225 0 354 25 0.5273224 ASHRIVAS
225 0 293 26 0.5254012 ASHRIVAS
225 0 377 27 0.52348363 ASHRIVAS
225 0 616 28 0.52348363 ASHRIVAS
225 0 63 29 0.5196595 ASHRIVAS
225 0 190 30 0.5196595 ASHRIVAS
225 0 338 31 0.5196595 ASHRIVAS
225 0 793 32 0.5196595 ASHRIVAS
225 0 852 33 0.5196595 ASHRIVAS
225 0 912 34 0.5196595 ASHRIVAS
225 0 985 35 0.5196595 ASHRIVAS
225 0 421 36 0.51585 ASHRIVAS
225 0 474 37 0.51585 ASHRIVAS
225 0 679 38 0.51585 ASHRIVAS
225 0 1354 39 0.51585 ASHRIVAS
225 0 796 40 0.5120549 ASHRIVAS
225 0 904 41 0.5120549 ASHRIVAS
225 0 464 42 0.5082742 ASHRIVAS
225 0 1216 43 0.5082742 ASHRIVAS
225 0 443 44 0.5045077 ASHRIVAS
225 0 614 45 0.5045077 ASHRIVAS
225 0 934 46 0.5045077 ASHRIVAS
225 0 230 47 0.50075537 ASHRIVAS
225 0 406 48 0.50075537 ASHRIVAS
225 0 686 49 0.49701706 ASHRIVAS
225 0 1212 50 0.49701706 ASHRIVAS
225 0 7 51 0.49329263 ASHRIVAS
225 0 218 52 0.49329263 ASHRIVAS
225 0 292 53 0.49329263 ASHRIVAS
225 0 325 54 0.49329263 ASHRIVAS
225 0 427 55 0.49329263 ASHRIVAS
225 0 622 56 0.49329263 ASHRIVAS
225 0 1333 57 0.49329263 ASHRIVAS
225 0 197 58 0.4858852 ASHRIVAS
225 0 677 59 0.4858852 ASHRIVAS
225 0 1092 60 0.4858852 ASHRIVAS
225 0 1310 61 0.4858852 ASHRIVAS
225 0 493 62 0.47853222 ASHRIVAS
225 0 739 63 0.47853222 ASHRIVAS
225 0 794 64 0.47853222 ASHRIVAS
225 0 110 65 0.47123292 ASHRIVAS
225 0 234 66 0.47123292 ASHRIVAS
225 0 373 67 0.47123292 ASHRIVAS
225 0 1325 68 0.47123292 ASHRIVAS
225 0 225 69 0.44964936 ASHRIVAS
225 0 928 70 0.44964936 ASHRIVAS
225 0 792 71 0.44255713 ASHRIVAS
225 0 976 72 0.44255713 ASHRIVAS
225 0 1040 73 0.42157733 ASHRIVAS
225 0 1313 74 0.39427188 ASHRIVAS
225 0 119 75 0.31863517 ASHRIVAS
225 0 1086 76 0.3181363 ASHRIVAS
225 0 577 77 0.31763765 ASHRIVAS
225 0 735 78 0.31763765 ASHRIVAS
225 0 744 79 0.31763765 ASHRIVAS
225 0 738 80 0.3171393 ASHRIVAS
225 0 973 81 0.3171393 ASHRIVAS
225 0 982 82 0.31614327 ASHRIVAS
