130 0 948 0 6.797902 ASHRIVAS
130 0 947 1 6.697605 ASHRIVAS
130 0 546 2 6.586662 ASHRIVAS
130 0 634 3 6.3059597 ASHRIVAS
130 0 1307 4 6.2351813 ASHRIVAS
130 0 58 5 6.1453314 ASHRIVAS
130 0 812 6 6.019383 ASHRIVAS
130 0 564 7 5.847315 ASHRIVAS
130 0 142 8 4.808111 ASHRIVAS
130 0 160 9 4.5231466 ASHRIVAS
130 0 468 10 4.5231466 ASHRIVAS
130 0 10 11 4.123094 ASHRIVAS
130 0 172 12 4.123094 ASHRIVAS
130 0 741 13 4.123094 ASHRIVAS
130 0 737 14 3.8407955 ASHRIVAS
130 0 1306 15 3.7559454 ASHRIVAS
130 0 1174 16 3.3408928 ASHRIVAS
130 0 631 17 3.1866887 ASHRIVAS
130 0 900 18 3.1518497 ASHRIVAS
130 0 1092 19 3.1518497 ASHRIVAS
130 0 657 20 2.912682 ASHRIVAS
130 0 354 21 2.8133402 ASHRIVAS
130 0 942 22 2.8133402 ASHRIVAS
130 0 859 23 2.7675457 ASHRIVAS
130 0 69 24 2.7240124 ASHRIVAS
130 0 139 25 2.7240124 ASHRIVAS
130 0 1284 26 2.7240124 ASHRIVAS
130 0 371 27 2.642948 ASHRIVAS
130 0 388 28 2.642948 ASHRIVAS
130 0 876 29 2.642948 ASHRIVAS
130 0 985 30 2.642948 ASHRIVAS
130 0 1326 31 2.642948 ASHRIVAS
130 0 518 32 2.4374359 ASHRIVAS
130 0 125 33 2.3238566 ASHRIVAS
130 0 520 34 2.3238566 ASHRIVAS
130 0 595 35 2.3238566 ASHRIVAS
130 0 601 36 2.3238566 ASHRIVAS
130 0 638 37 2.2724402 ASHRIVAS
130 0 686 38 2.2724402 ASHRIVAS
130 0 427 39 2.2240822 ASHRIVAS
130 0 1213 40 2.2240822 ASHRIVAS
130 0 304 41 2.1353204 ASHRIVAS
130 0 620 42 2.1353204 ASHRIVAS
130 0 1195 43 2.1353204 ASHRIVAS
130 0 83 44 2.0555434 ASHRIVAS
130 0 1229 45 2.0555434 ASHRIVAS
130 0 373 46 1.9832329 ASHRIVAS
130 0 572 47 1.8006173 ASHRIVAS
182 0 634 0 5.857685 ASHRIVAS
225 0 1188 0 6.3322334 ASHRIVAS
225 0 1000 1 6.1721697 ASHRIVAS
225 0 999 2 5.741003 ASHRIVAS
225 0 372 3 5.720085 ASHRIVAS
225 0 314 4 5.5668955 ASHRIVAS
225 0 675 5 5.4756527 ASHRIVAS
225 0 1106 6 5.3575587 ASHRIVAS
225 0 58 7 5.0112476 ASHRIVAS
225 0 431 8 4.955735 ASHRIVAS
225 0 423 9 4.838215 ASHRIVAS
225 0 1218 10 4.8187237 ASHRIVAS
225 0 1344 11 4.674713 ASHRIVAS
225 0 996 12 4.67068 ASHRIVAS
225 0 119 13 4.406719 ASHRIVAS
225 0 1086 14 4.1866198 ASHRIVAS
225 0 577 15 4.0073333 ASHRIVAS
225 0 735 16 4.0073333 ASHRIVAS
225 0 744 17 4.0073333 ASHRIVAS
225 0 738 18 3.8562083 ASHRIVAS
225 0 973 19 3.8562083 ASHRIVAS
225 0 982 20 3.610918 ASHRIVAS
225 0 9 21 3.0252197 ASHRIVAS
225 0 340 22 2.8525605 ASHRIVAS
225 0 777 23 2.6817122 ASHRIVAS
225 0 1399 24 2.6073573 ASHRIVAS
225 0 569 25 2.5389047 ASHRIVAS
225 0 1356 26 2.455424 ASHRIVAS
225 0 1156 27 2.416589 ASHRIVAS
225 0 113 28 2.3615255 ASHRIVAS
225 0 347 29 2.2613301 ASHRIVAS
225 0 1080 30 2.2613301 ASHRIVAS
225 0 27 31 2.2155068 ASHRIVAS
225 0 354 32 2.2155068 ASHRIVAS
225 0 293 33 2.1721566 ASHRIVAS
225 0 377 34 2.1310472 ASHRIVAS
225 0 616 35 2.1310472 ASHRIVAS
225 0 63 36 2.0547702 ASHRIVAS
225 0 190 37 2.0547702 ASHRIVAS
225 0 338 38 2.0547702 ASHRIVAS
225 0 793 39 2.0547702 ASHRIVAS
225 0 852 40 2.0547702 ASHRIVAS
225 0 912 41 2.0547702 ASHRIVAS
225 0 985 42 2.0547702 ASHRIVAS
225 0 421 43 1.9853477 ASHRIVAS
225 0 474 44 1.9853477 ASHRIVAS
225 0 679 45 1.9853477 ASHRIVAS
225 0 1354 46 1.9853477 ASHRIVAS
225 0 796 47 1.9217484 ASHRIVAS
225 0 904 48 1.9217484 ASHRIVAS
225 0 464 49 1.8631549 ASHRIVAS
225 0 1216 50 1.8631549 ASHRIVAS
225 0 49 51 1.8355246 ASHRIVAS
225 0 443 52 1.8089087 ASHRIVAS
225 0 614 53 1.8089087 ASHRIVAS
225 0 934 54 1.8089087 ASHRIVAS
225 0 230 55 1.7584716 ASHRIVAS
225 0 406 56 1.7584716 ASHRIVAS
225 0 686 57 1.7113979 ASHRIVAS
225 0 1212 58 1.7113979 ASHRIVAS
225 0 7 59 1.6673148 ASHRIVAS
225 0 218 60 1.6673148 ASHRIVAS
225 0 292 61 1.6673148 ASHRIVAS
225 0 325 62 1.6673148 ASHRIVAS
225 0 427 63 1.6673148 ASHRIVAS
225 0 622 64 1.6673148 ASHRIVAS
225 0 1333 65 1.6673148 ASHRIVAS
225 0 197 66 1.5869052 ASHRIVAS
225 0 677 67 1.5869052 ASHRIVAS
225 0 1092 68 1.5869052 ASHRIVAS
225 0 1310 69 1.5869052 ASHRIVAS
225 0 493 70 1.5152278 ASHRIVAS
225 0 739 71 1.5152278 ASHRIVAS
225 0 794 72 1.5152278 ASHRIVAS
225 0 110 73 1.4507754 ASHRIVAS
225 0 234 74 1.4507754 ASHRIVAS
225 0 373 75 1.4507754 ASHRIVAS
225 0 1325 76 1.4507754 ASHRIVAS
225 0 225 77 1.2903919 ASHRIVAS
225 0 928 78 1.2903919 ASHRIVAS
225 0 792 79 1.2454683 ASHRIVAS
225 0 976 80 1.2454683 ASHRIVAS
225 0 1040 81 1.1294194 ASHRIVAS
225 0 1313 82 1.0070298 ASHRIVAS
