130 0 142 0 3.5300605 ASHRIVAS
130 0 160 1 3.0571222 ASHRIVAS
130 0 468 2 3.0571222 ASHRIVAS
130 0 10 3 2.49613 ASHRIVAS
130 0 172 4 2.49613 ASHRIVAS
130 0 741 5 2.49613 ASHRIVAS
130 0 546 6 2.2257376 ASHRIVAS
130 0 948 7 2.1976404 ASHRIVAS
130 0 947 8 2.1677895 ASHRIVAS
130 0 737 9 2.161712 ASHRIVAS
130 0 634 10 1.9918966 ASHRIVAS
130 0 58 11 1.9869071 ASHRIVAS
130 0 564 12 1.9635719 ASHRIVAS
130 0 812 13 1.9228975 ASHRIVAS
130 0 1307 14 1.9167516 ASHRIVAS
130 0 1306 15 0.8226506 ASHRIVAS
130 0 1174 16 0.66435033 ASHRIVAS
130 0 631 17 0.6131676 ASHRIVAS
130 0 900 18 0.6021186 ASHRIVAS
130 0 1092 19 0.6021186 ASHRIVAS
130 0 657 20 0.53101873 ASHRIVAS
130 0 354 21 0.50376856 ASHRIVAS
130 0 942 22 0.50376856 ASHRIVAS
130 0 859 23 0.4916278 ASHRIVAS
130 0 69 24 0.4803245 ASHRIVAS
130 0 139 25 0.4803245 ASHRIVAS
130 0 1284 26 0.4803245 ASHRIVAS
130 0 371 27 0.4598757 ASHRIVAS
130 0 388 28 0.4598757 ASHRIVAS
130 0 876 29 0.4598757 ASHRIVAS
130 0 985 30 0.4598757 ASHRIVAS
130 0 1326 31 0.4598757 ASHRIVAS
130 0 518 32 0.4113253 ASHRIVAS
130 0 125 33 0.38637286 ASHRIVAS
130 0 520 34 0.38637286 ASHRIVAS
130 0 595 35 0.38637286 ASHRIVAS
130 0 601 36 0.38637286 ASHRIVAS
130 0 638 37 0.37548694 ASHRIVAS
130 0 686 38 0.37548694 ASHRIVAS
130 0 427 39 0.36547214 ASHRIVAS
130 0 1213 40 0.36547214 ASHRIVAS
130 0 304 41 0.34763336 ASHRIVAS
130 0 620 42 0.34763336 ASHRIVAS
130 0 1195 43 0.34763336 ASHRIVAS
130 0 83 44 0.33217517 ASHRIVAS
130 0 1229 45 0.33217517 ASHRIVAS
130 0 373 46 0.31861123 ASHRIVAS
130 0 572 47 0.2861213 ASHRIVAS
182 0 634 0 0.80487174 ASHRIVAS
225 0 119 0 2.9982307 ASHRIVAS
225 0 1086 1 2.681699 ASHRIVAS
225 0 1000 2 2.4866118 ASHRIVAS
225 0 577 3 2.4480453 ASHRIVAS
225 0 735 4 2.4480453 ASHRIVAS
225 0 744 5 2.4480453 ASHRIVAS
225 0 1188 6 2.3909492 ASHRIVAS
225 0 738 7 2.2664495 ASHRIVAS
225 0 973 8 2.2664495 ASHRIVAS
225 0 999 9 2.221111 ASHRIVAS
225 0 372 10 2.1069643 ASHRIVAS
225 0 675 11 2.0447862 ASHRIVAS
225 0 982 12 1.9988205 ASHRIVAS
225 0 1106 13 1.9714999 ASHRIVAS
225 0 423 14 1.9664823 ASHRIVAS
225 0 314 15 1.923981 ASHRIVAS
225 0 1218 16 1.9063208 ASHRIVAS
225 0 58 17 1.816787 ASHRIVAS
225 0 996 18 1.7863077 ASHRIVAS
225 0 431 19 1.7429597 ASHRIVAS
225 0 1344 20 1.6565008 ASHRIVAS
225 0 9 21 0.67771333 ASHRIVAS
225 0 340 22 0.61866474 ASHRIVAS
225 0 777 23 0.5647611 ASHRIVAS
225 0 1399 24 0.5426049 ASHRIVAS
225 0 569 25 0.5228672 ASHRIVAS
225 0 1356 26 0.49961686 ASHRIVAS
225 0 1156 27 0.48909745 ASHRIVAS
225 0 113 28 0.47449422 ASHRIVAS
225 0 347 29 0.44882658 ASHRIVAS
225 0 1080 30 0.44882658 ASHRIVAS
225 0 27 31 0.43746206 ASHRIVAS
225 0 354 32 0.43746206 ASHRIVAS
225 0 293 33 0.42691925 ASHRIVAS
225 0 377 34 0.4171037 ASHRIVAS
225 0 616 35 0.4171037 ASHRIVAS
225 0 63 36 0.3993464 ASHRIVAS
225 0 190 37 0.3993464 ASHRIVAS
225 0 338 38 0.3993464 ASHRIVAS
225 0 793 39 0.3993464 ASHRIVAS
225 0 852 40 0.3993464 ASHRIVAS
225 0 912 41 0.3993464 ASHRIVAS
225 0 985 42 0.3993464 ASHRIVAS
225 0 421 43 0.3836796 ASHRIVAS
225 0 474 44 0.3836796 ASHRIVAS
225 0 679 45 0.3836796 ASHRIVAS
225 0 1354 46 0.3836796 ASHRIVAS
225 0 796 47 0.3697229 ASHRIVAS
225 0 904 48 0.3697229 ASHRIVAS
225 0 464 49 0.35718626 ASHRIVAS
225 0 1216 50 0.35718626 ASHRIVAS
225 0 49 51 0.35137796 ASHRIVAS
225 0 443 52 0.34584412 ASHRIVAS
225 0 614 53 0.34584412 ASHRIVAS
225 0 934 54 0.34584412 ASHRIVAS
225 0 230 55 0.33551806 ASHRIVAS
225 0 406 56 0.33551806 ASHRIVAS
225 0 686 57 0.32606497 ASHRIVAS
225 0 1212 58 0.32606497 ASHRIVAS
225 0 7 59 0.31736833 ASHRIVAS
225 0 218 60 0.31736833 ASHRIVAS
225 0 292 61 0.31736833 ASHRIVAS
225 0 325 62 0.31736833 ASHRIVAS
225 0 427 63 0.31736833 ASHRIVAS
225 0 622 64 0.31736833 ASHRIVAS
225 0 1333 65 0.31736833 ASHRIVAS
225 0 197 66 0.3018775 ASHRIVAS
225 0 677 67 0.3018775 ASHRIVAS
225 0 1092 68 0.3018775 ASHRIVAS
225 0 1310 69 0.3018775 ASHRIVAS
225 0 493 70 0.28845394 ASHRIVAS
225 0 739 71 0.28845394 ASHRIVAS
225 0 794 72 0.28845394 ASHRIVAS
225 0 110 73 0.2766753 ASHRIVAS
225 0 234 74 0.2766753 ASHRIVAS
225 0 373 75 0.2766753 ASHRIVAS
225 0 1325 76 0.2766753 ASHRIVAS
225 0 225 77 0.24846174 ASHRIVAS
225 0 928 78 0.24846174 ASHRIVAS
225 0 792 79 0.24081494 ASHRIVAS
225 0 976 80 0.24081494 ASHRIVAS
225 0 1040 81 0.22151752 ASHRIVAS
225 0 1313 82 0.2017862 ASHRIVAS
