130 0 947 0 5.9933558 ASHRIVAS
130 0 948 1 5.724331 ASHRIVAS
130 0 1307 2 5.2238016 ASHRIVAS
130 0 546 3 5.024764 ASHRIVAS
130 0 634 4 4.7421613 ASHRIVAS
130 0 58 5 4.6369896 ASHRIVAS
130 0 812 6 4.524337 ASHRIVAS
130 0 564 7 4.405519 ASHRIVAS
130 0 1092 8 3.8132567 ASHRIVAS
130 0 142 9 3.1861048 ASHRIVAS
130 0 859 10 3.1501503 ASHRIVAS
130 0 1306 11 3.1361945 ASHRIVAS
130 0 1174 12 2.9428158 ASHRIVAS
130 0 160 13 2.936821 ASHRIVAS
130 0 468 14 2.936821 ASHRIVAS
130 0 631 15 2.8571682 ASHRIVAS
130 0 900 16 2.8367603 ASHRIVAS
130 0 657 17 2.6862488 ASHRIVAS
130 0 354 18 2.6185277 ASHRIVAS
130 0 942 19 2.6185277 ASHRIVAS
130 0 69 20 2.5551505 ASHRIVAS
130 0 139 21 2.5551505 ASHRIVAS
130 0 1284 22 2.5551505 ASHRIVAS
130 0 10 23 2.5497468 ASHRIVAS
130 0 172 24 2.5497468 ASHRIVAS
130 0 741 25 2.5497468 ASHRIVAS
130 0 371 26 2.4956913 ASHRIVAS
130 0 388 27 2.4956913 ASHRIVAS
130 0 876 28 2.4956913 ASHRIVAS
130 0 985 29 2.4956913 ASHRIVAS
130 0 1326 30 2.4956913 ASHRIVAS
130 0 518 31 2.3373263 ASHRIVAS
130 0 737 32 2.2630289 ASHRIVAS
130 0 125 33 2.2456198 ASHRIVAS
130 0 520 34 2.2456198 ASHRIVAS
130 0 595 35 2.2456198 ASHRIVAS
130 0 601 36 2.2456198 ASHRIVAS
130 0 638 37 2.2032468 ASHRIVAS
130 0 686 38 2.2032468 ASHRIVAS
130 0 427 39 2.1629481 ASHRIVAS
130 0 1213 40 2.1629481 ASHRIVAS
130 0 304 41 2.0879464 ASHRIVAS
130 0 620 42 2.0879464 ASHRIVAS
130 0 1195 43 2.0879464 ASHRIVAS
130 0 83 44 2.0195136 ASHRIVAS
130 0 1229 45 2.0195136 ASHRIVAS
130 0 373 46 1.9567502 ASHRIVAS
130 0 572 47 1.7956626 ASHRIVAS
182 0 634 0 6.8620806 ASHRIVAS
225 0 1000 0 5.462924 ASHRIVAS
225 0 1188 1 5.4074907 ASHRIVAS
225 0 999 2 5.0883255 ASHRIVAS
225 0 314 3 4.4936657 ASHRIVAS
225 0 675 4 4.493039 ASHRIVAS
225 0 372 5 4.204047 ASHRIVAS
225 0 1106 6 3.9611645 ASHRIVAS
225 0 9 7 3.7968802 ASHRIVAS
225 0 58 8 3.6917253 ASHRIVAS
225 0 431 9 3.6255221 ASHRIVAS
225 0 423 10 3.6056633 ASHRIVAS
225 0 1218 11 3.5809088 ASHRIVAS
225 0 996 12 3.44256 ASHRIVAS
225 0 1344 13 3.4119923 ASHRIVAS
225 0 569 14 2.9432468 ASHRIVAS
225 0 1356 15 2.8834739 ASHRIVAS
225 0 119 16 2.8406444 ASHRIVAS
225 0 777 17 2.736807 ASHRIVAS
225 0 1086 18 2.6365669 ASHRIVAS
225 0 1156 19 2.569199 ASHRIVAS
225 0 577 20 2.462901 ASHRIVAS
225 0 735 21 2.462901 ASHRIVAS
225 0 744 22 2.462901 ASHRIVAS
225 0 340 23 2.3147316 ASHRIVAS
225 0 738 24 2.3133059 ASHRIVAS
225 0 973 25 2.3133059 ASHRIVAS
225 0 1399 26 2.2028115 ASHRIVAS
225 0 49 27 2.1130466 ASHRIVAS
225 0 113 28 2.0719645 ASHRIVAS
225 0 982 29 2.0687025 ASHRIVAS
225 0 347 30 2.0131557 ASHRIVAS
225 0 1080 31 2.0131557 ASHRIVAS
225 0 27 32 1.9852026 ASHRIVAS
225 0 354 33 1.9852026 ASHRIVAS
225 0 293 34 1.9581504 ASHRIVAS
225 0 377 35 1.9319538 ASHRIVAS
225 0 616 36 1.9319538 ASHRIVAS
225 0 63 37 1.8819591 ASHRIVAS
225 0 190 38 1.8819591 ASHRIVAS
225 0 338 39 1.8819591 ASHRIVAS
225 0 793 40 1.8819591 ASHRIVAS
225 0 852 41 1.8819591 ASHRIVAS
225 0 912 42 1.8819591 ASHRIVAS
225 0 985 43 1.8819591 ASHRIVAS
225 0 421 44 1.8349099 ASHRIVAS
225 0 474 45 1.8349099 ASHRIVAS
225 0 679 46 1.8349099 ASHRIVAS
225 0 1354 47 1.8349099 ASHRIVAS
225 0 796 48 1.7905357 ASHRIVAS
225 0 904 49 1.7905357 ASHRIVAS
225 0 464 50 1.7485977 ASHRIVAS
225 0 1216 51 1.7485977 ASHRIVAS
225 0 443 52 1.7088859 ASHRIVAS
225 0 614 53 1.7088859 ASHRIVAS
225 0 934 54 1.7088859 ASHRIVAS
225 0 230 55 1.6712129 ASHRIVAS
225 0 406 56 1.6712129 ASHRIVAS
225 0 686 57 1.6354125 ASHRIVAS
225 0 1212 58 1.6354125 ASHRIVAS
225 0 7 59 1.6013355 ASHRIVAS
225 0 218 60 1.6013355 ASHRIVAS
225 0 292 61 1.6013355 ASHRIVAS
225 0 325 62 1.6013355 ASHRIVAS
225 0 427 63 1.6013355 ASHRIVAS
225 0 622 64 1.6013355 ASHRIVAS
225 0 1333 65 1.6013355 ASHRIVAS
225 0 197 66 1.5378327 ASHRIVAS
225 0 677 67 1.5378327 ASHRIVAS
225 0 1092 68 1.5378327 ASHRIVAS
225 0 1310 69 1.5378327 ASHRIVAS
225 0 493 70 1.4797907 ASHRIVAS
225 0 739 71 1.4797907 ASHRIVAS
225 0 794 72 1.4797907 ASHRIVAS
225 0 110 73 1.4264627 ASHRIVAS
225 0 234 74 1.4264627 ASHRIVAS
225 0 373 75 1.4264627 ASHRIVAS
225 0 1325 76 1.4264627 ASHRIVAS
225 0 225 77 1.2891071 ASHRIVAS
225 0 928 78 1.2891071 ASHRIVAS
225 0 792 79 1.2494183 ASHRIVAS
225 0 976 80 1.2494183 ASHRIVAS
225 0 1040 81 1.1442527 ASHRIVAS
225 0 1313 82 1.0286894 ASHRIVAS
