130 0 948 0 3.9202516 ASHRIVAS
130 0 947 1 3.9096212 ASHRIVAS
130 0 546 2 3.6706314 ASHRIVAS
130 0 1307 3 3.4440956 ASHRIVAS
130 0 634 4 3.3900144 ASHRIVAS
130 0 58 5 3.2957754 ASHRIVAS
130 0 812 6 3.1873996 ASHRIVAS
130 0 564 7 3.089978 ASHRIVAS
130 0 142 8 2.8332565 ASHRIVAS
130 0 160 9 2.5844717 ASHRIVAS
130 0 468 10 2.5844717 ASHRIVAS
130 0 1306 11 2.2500634 ASHRIVAS
130 0 1092 12 2.2100492 ASHRIVAS
130 0 10 13 2.198395 ASHRIVAS
130 0 172 14 2.198395 ASHRIVAS
130 0 741 15 2.198395 ASHRIVAS
130 0 1174 16 2.0645356 ASHRIVAS
130 0 631 17 1.9827905 ASHRIVAS
130 0 900 18 1.9633559 ASHRIVAS
130 0 737 19 1.9126737 ASHRIVAS
130 0 859 20 1.8636394 ASHRIVAS
130 0 657 21 1.8205962 ASHRIVAS
130 0 354 22 1.7567288 ASHRIVAS
130 0 942 23 1.7567288 ASHRIVAS
130 0 69 24 1.6971903 ASHRIVAS
130 0 139 25 1.6971903 ASHRIVAS
130 0 1284 26 1.6971903 ASHRIVAS
130 0 371 27 1.6415552 ASHRIVAS
130 0 388 28 1.6415552 ASHRIVAS
130 0 876 29 1.6415552 ASHRIVAS
130 0 985 30 1.6415552 ASHRIVAS
130 0 1326 31 1.6415552 ASHRIVAS
130 0 518 32 1.4945755 ASHRIVAS
130 0 125 33 1.410388 ASHRIVAS
130 0 520 34 1.410388 ASHRIVAS
130 0 595 35 1.410388 ASHRIVAS
130 0 601 36 1.410388 ASHRIVAS
130 0 638 37 1.3717532 ASHRIVAS
130 0 686 38 1.3717532 ASHRIVAS
130 0 427 39 1.3351789 ASHRIVAS
130 0 1213 40 1.3351789 ASHRIVAS
130 0 304 41 1.2675846 ASHRIVAS
130 0 620 42 1.2675846 ASHRIVAS
130 0 1195 43 1.2675846 ASHRIVAS
130 0 83 44 1.2065048 ASHRIVAS
130 0 1229 45 1.2065048 ASHRIVAS
130 0 373 46 1.1510408 ASHRIVAS
130 0 572 47 1.0115368 ASHRIVAS
182 0 634 0 3.2990515 ASHRIVAS
225 0 1000 0 4.0528626 ASHRIVAS
225 0 1188 1 3.968376 ASHRIVAS
225 0 999 2 3.695228 ASHRIVAS
225 0 372 3 3.3624349 ASHRIVAS
225 0 675 4 3.3411536 ASHRIVAS
225 0 314 5 3.3175964 ASHRIVAS
225 0 1106 6 3.1316097 ASHRIVAS
225 0 58 7 2.8745923 ASHRIVAS
225 0 423 8 2.8273654 ASHRIVAS
225 0 431 9 2.8055863 ASHRIVAS
225 0 1218 10 2.7958088 ASHRIVAS
225 0 996 11 2.6584535 ASHRIVAS
225 0 1344 12 2.6076467 ASHRIVAS
225 0 119 13 2.5220091 ASHRIVAS
225 0 1086 14 2.3184307 ASHRIVAS
225 0 9 15 2.174259 ASHRIVAS
225 0 577 16 2.1452634 ASHRIVAS
225 0 735 17 2.1452634 ASHRIVAS
225 0 744 18 2.1452634 ASHRIVAS
225 0 738 19 1.9961665 ASHRIVAS
225 0 973 20 1.9961665 ASHRIVAS
225 0 777 21 1.857715 ASHRIVAS
225 0 569 22 1.8340832 ASHRIVAS
225 0 1356 23 1.7816631 ASHRIVAS
225 0 340 24 1.7679911 ASHRIVAS
225 0 982 25 1.7525592 ASHRIVAS
225 0 1156 26 1.705259 ASHRIVAS
225 0 1399 27 1.661936 ASHRIVAS
225 0 113 28 1.5388561 ASHRIVAS
225 0 347 29 1.4839084 ASHRIVAS
225 0 1080 30 1.4839084 ASHRIVAS
225 0 27 31 1.4578801 ASHRIVAS
225 0 354 32 1.4578801 ASHRIVAS
225 0 293 33 1.4327492 ASHRIVAS
225 0 377 34 1.4084702 ASHRIVAS
225 0 616 35 1.4084702 ASHRIVAS
225 0 63 36 1.3622996 ASHRIVAS
225 0 190 37 1.3622996 ASHRIVAS
225 0 338 38 1.3622996 ASHRIVAS
225 0 793 39 1.3622996 ASHRIVAS
225 0 852 40 1.3622996 ASHRIVAS
225 0 912 41 1.3622996 ASHRIVAS
225 0 985 42 1.3622996 ASHRIVAS
225 0 421 43 1.31906 ASHRIVAS
225 0 474 44 1.31906 ASHRIVAS
225 0 679 45 1.31906 ASHRIVAS
225 0 1354 46 1.31906 ASHRIVAS
225 0 49 47 1.3039649 ASHRIVAS
225 0 796 48 1.2784808 ASHRIVAS
225 0 904 49 1.2784808 ASHRIVAS
225 0 464 50 1.2403235 ASHRIVAS
225 0 1216 51 1.2403235 ASHRIVAS
225 0 443 52 1.2043782 ASHRIVAS
225 0 614 53 1.2043782 ASHRIVAS
225 0 934 54 1.2043782 ASHRIVAS
225 0 230 55 1.1704576 ASHRIVAS
225 0 406 56 1.1704576 ASHRIVAS
225 0 686 57 1.1383954 ASHRIVAS
225 0 1212 58 1.1383954 ASHRIVAS
225 0 7 59 1.1080428 ASHRIVAS
225 0 218 60 1.1080428 ASHRIVAS
225 0 292 61 1.1080428 ASHRIVAS
225 0 325 62 1.1080428 ASHRIVAS
225 0 427 63 1.1080428 ASHRIVAS
225 0 622 64 1.1080428 ASHRIVAS
225 0 1333 65 1.1080428 ASHRIVAS
225 0 197 66 1.0519475 ASHRIVAS
225 0 677 67 1.0519475 ASHRIVAS
225 0 1092 68 1.0519475 ASHRIVAS
225 0 1310 69 1.0519475 ASHRIVAS
225 0 493 70 1.0012585 ASHRIVAS
225 0 739 71 1.0012585 ASHRIVAS
225 0 794 72 1.0012585 ASHRIVAS
225 0 110 73 0.95522976 ASHRIVAS
225 0 234 74 0.95522976 ASHRIVAS
225 0 373 75 0.95522976 ASHRIVAS
225 0 1325 76 0.95522976 ASHRIVAS
225 0 225 77 0.83945775 ASHRIVAS
225 0 928 78 0.83945775 ASHRIVAS
225 0 792 79 0.80686116 ASHRIVAS
225 0 976 80 0.80686116 ASHRIVAS
225 0 1040 81 0.7226753 ASHRIVAS
225 0 1313 82 0.63441753 ASHRIVAS
